cs2 = 0.3333333333333333
incompressible = inc
nx = 300
ny = 80
tau = 0.98
omega = 1.0204081632653061
u_flow = 0.03
nu = 0.16
Re = 1.875
cx = 150.0
cy = 45.0
ibm_iterations = 5
rad = 10.0
ibm points = 81
force = [6.15286012e-06 0.00000000e+00]
rho_particle = 1.0309278350515463
